Global Transform: 
1.00 0.00 0.00 0.00 
0.00 1.00 0.00 0.00 
0.00 0.00 1.00 0.00 
0.00 0.00 0.00 1.00 

Root Weight: 0.0593207
Offset Matrix: 
1.00 0.00 0.00 0.00 
0.00 -0.00 -1.00 0.00 
0.00 1.00 -0.00 0.00 
0.00 7.93 0.00 1.00 
Bone.001 Weight: 0.0627507
Offset Matrix: 
1.00 0.00 0.00 0.00 
0.00 -0.00 -1.00 0.00 
0.00 1.00 -0.00 0.00 
0.00 3.93 0.00 1.00 
Bone.002 Weight: 0.937261
Offset Matrix: 
1.00 0.00 0.00 0.00 
0.00 -0.00 -1.00 0.00 
0.00 1.00 -0.00 0.00 
0.00 -0.07 0.00 1.00 
Bone.003 Weight: 0.940919
Offset Matrix: 
1.00 0.00 0.00 0.00 
0.00 -0.00 -1.00 0.00 
0.00 1.00 -0.00 0.00 
0.00 -4.07 0.00 1.00 

0.00, -1.00, 8.00
Frame: 0
0.00, 0.24, 0.00
Frame: 1
-0.01, 0.24, 0.00
Frame: 2
-0.03, 0.24, 0.00
Frame: 3
-0.06, 0.23, 0.00
Frame: 4
-0.10, 0.23, 0.00
Frame: 5
-0.15, 0.23, 0.00
Frame: 6
-0.19, 0.23, 0.00
Frame: 7
-0.23, 0.23, 0.00
Frame: 8
-0.24, 0.23, 0.00
Frame: 9
-0.24, 0.23, 0.00
Frame: 10
-0.21, 0.23, 0.00
Frame: 11
-0.18, 0.23, 0.00
Frame: 12
-0.15, 0.23, 0.00
Frame: 13
-0.11, 0.23, 0.00
Frame: 14
-0.07, 0.23, 0.00
Frame: 15
-0.04, 0.24, 0.00
Frame: 16
0.00, 0.24, 0.00
Frame: 17
0.04, 0.24, 0.00
Frame: 18
0.08, 0.23, 0.00
Frame: 19
0.12, 0.23, 0.00
Frame: 20
0.17, 0.23, 0.00
Frame: 21
0.22, 0.23, 0.00
Frame: 22
0.26, 0.23, 0.00
Frame: 23
0.30, 0.23, 0.00
Frame: 24
0.31, 0.23, 0.00
Frame: 25
0.29, 0.23, 0.00
Frame: 26
0.24, 0.23, 0.00
Frame: 27
0.18, 0.23, 0.00
Frame: 28
0.12, 0.23, 0.00
Frame: 29
0.07, 0.23, 0.00
Frame: 30
0.03, 0.24, 0.00
Frame: 31
0.01, 0.24, 0.00
Frame: 32
0.00, 0.24, 0.00
