Bone: Bone.003
Position: 0
Vector: 0.00, 4.00, 0.00
Matrix: 
1.00 0.00 0.00 0.00 
0.00 1.00 0.00 4.00 
0.00 0.00 1.00 0.00 
0.00 0.00 0.00 1.00 

Rotation: 0
Quaternion: 0.00, 0.00, 0.00
Matrix: 
1.00 0.00 0.00 0.00 
0.00 1.00 0.00 0.00 
0.00 0.00 1.00 0.00 
0.00 0.00 0.00 1.00 

Scaling: 0
1.00, 1.00, 1.00
Matrix: 
1.00 0.00 0.00 0.00 
0.00 1.00 0.00 0.00 
0.00 0.00 1.00 0.00 
0.00 0.00 0.00 1.00 

Transform: 0
1.00 0.00 0.00 0.00 
0.00 1.00 0.00 4.00 
0.00 0.00 1.00 0.00 
0.00 0.00 0.00 1.00 

Position: 1
Vector: 0.00, 4.00, 0.00
Matrix: 
1.00 0.00 0.00 0.00 
0.00 1.00 0.00 4.00 
0.00 0.00 1.00 0.00 
0.00 0.00 0.00 1.00 

Rotation: 1
Quaternion: 0.00, 0.00, 0.02
Matrix: 
1.00 0.03 0.00 0.00 
-0.03 1.00 0.00 0.00 
0.00 0.00 1.00 0.00 
0.00 0.00 0.00 1.00 

Scaling: 1
1.00, 1.00, 1.00
Matrix: 
1.00 0.00 0.00 0.00 
0.00 1.00 0.00 0.00 
0.00 0.00 1.00 0.00 
0.00 0.00 0.00 1.00 

Transform: 1
1.00 0.03 0.00 0.14 
-0.03 1.00 0.00 4.00 
0.00 0.00 1.00 0.00 
0.00 0.00 0.00 1.00 

Position: 2
Vector: 0.00, 4.00, 0.00
Matrix: 
1.00 0.00 0.00 0.00 
0.00 1.00 0.00 4.00 
0.00 0.00 1.00 0.00 
0.00 0.00 0.00 1.00 

Rotation: 2
Quaternion: 0.00, 0.00, 0.06
Matrix: 
0.99 0.13 0.00 0.00 
-0.13 0.99 0.00 0.00 
0.00 0.00 1.00 0.00 
0.00 0.00 0.00 1.00 

Scaling: 2
1.00, 1.00, 1.00
Matrix: 
1.00 0.00 0.00 0.00 
0.00 1.00 0.00 0.00 
0.00 0.00 1.00 0.00 
0.00 0.00 0.00 1.00 

Transform: 2
0.99 0.13 0.00 0.50 
-0.13 0.99 0.00 3.97 
0.00 0.00 1.00 0.00 
0.00 0.00 0.00 1.00 

Position: 3
Vector: 0.00, 4.00, 0.00
Matrix: 
1.00 0.00 0.00 0.00 
0.00 1.00 0.00 4.00 
0.00 0.00 1.00 0.00 
0.00 0.00 0.00 1.00 

Rotation: 3
Quaternion: 0.00, 0.00, 0.13
Matrix: 
0.97 0.25 0.00 0.00 
-0.25 0.97 0.00 0.00 
0.00 0.00 1.00 0.00 
0.00 0.00 0.00 1.00 

Scaling: 3
1.00, 1.00, 1.00
Matrix: 
1.00 0.00 0.00 0.00 
0.00 1.00 0.00 0.00 
0.00 0.00 1.00 0.00 
0.00 0.00 0.00 1.00 

Transform: 3
0.97 0.25 0.00 1.02 
-0.25 0.97 0.00 3.87 
0.00 0.00 1.00 0.00 
0.00 0.00 0.00 1.00 

Position: 4
Vector: 0.00, 4.00, 0.00
Matrix: 
1.00 0.00 0.00 0.00 
0.00 1.00 0.00 4.00 
0.00 0.00 1.00 0.00 
0.00 0.00 0.00 1.00 

Rotation: 4
Quaternion: 0.00, 0.00, 0.20
Matrix: 
0.92 0.40 0.00 0.00 
-0.40 0.92 0.00 0.00 
0.00 0.00 1.00 0.00 
0.00 0.00 0.00 1.00 

Scaling: 4
1.00, 1.00, 1.00
Matrix: 
1.00 0.00 0.00 0.00 
0.00 1.00 0.00 0.00 
0.00 0.00 1.00 0.00 
0.00 0.00 0.00 1.00 

Transform: 4
0.92 0.40 0.00 1.59 
-0.40 0.92 0.00 3.67 
0.00 0.00 1.00 0.00 
0.00 0.00 0.00 1.00 

Position: 5
Vector: 0.00, 4.00, 0.00
Matrix: 
1.00 0.00 0.00 0.00 
0.00 1.00 0.00 4.00 
0.00 0.00 1.00 0.00 
0.00 0.00 0.00 1.00 

Rotation: 5
Quaternion: 0.00, 0.00, 0.28
Matrix: 
0.85 0.53 0.00 0.00 
-0.53 0.85 0.00 0.00 
0.00 0.00 1.00 0.00 
0.00 0.00 0.00 1.00 

Scaling: 5
1.00, 1.00, 1.00
Matrix: 
1.00 0.00 0.00 0.00 
0.00 1.00 0.00 0.00 
0.00 0.00 1.00 0.00 
0.00 0.00 0.00 1.00 

Transform: 5
0.85 0.53 0.00 2.13 
-0.53 0.85 0.00 3.39 
0.00 0.00 1.00 0.00 
0.00 0.00 0.00 1.00 

Position: 6
Vector: 0.00, 4.00, 0.00
Matrix: 
1.00 0.00 0.00 0.00 
0.00 1.00 0.00 4.00 
0.00 0.00 1.00 0.00 
0.00 0.00 0.00 1.00 

Rotation: 6
Quaternion: 0.00, 0.00, 0.34
Matrix: 
0.77 0.64 0.00 0.00 
-0.64 0.77 0.00 0.00 
0.00 0.00 1.00 0.00 
0.00 0.00 0.00 1.00 

Scaling: 6
1.00, 1.00, 1.00
Matrix: 
1.00 0.00 0.00 0.00 
0.00 1.00 0.00 0.00 
0.00 0.00 1.00 0.00 
0.00 0.00 0.00 1.00 

Transform: 6
0.77 0.64 0.00 2.55 
-0.64 0.77 0.00 3.08 
0.00 0.00 1.00 0.00 
0.00 0.00 0.00 1.00 

Position: 7
Vector: 0.00, 4.00, 0.00
Matrix: 
1.00 0.00 0.00 0.00 
0.00 1.00 0.00 4.00 
0.00 0.00 1.00 0.00 
0.00 0.00 0.00 1.00 

Rotation: 7
Quaternion: 0.00, 0.00, 0.38
Matrix: 
0.71 0.71 0.00 0.00 
-0.71 0.71 0.00 0.00 
0.00 0.00 1.00 0.00 
0.00 0.00 0.00 1.00 

Scaling: 7
1.00, 1.00, 1.00
Matrix: 
1.00 0.00 0.00 0.00 
0.00 1.00 0.00 0.00 
0.00 0.00 1.00 0.00 
0.00 0.00 0.00 1.00 

Transform: 7
0.71 0.71 0.00 2.82 
-0.71 0.71 0.00 2.83 
0.00 0.00 1.00 0.00 
0.00 0.00 0.00 1.00 

Position: 8
Vector: 0.00, 4.00, 0.00
Matrix: 
1.00 0.00 0.00 0.00 
0.00 1.00 0.00 4.00 
0.00 0.00 1.00 0.00 
0.00 0.00 0.00 1.00 

Rotation: 8
Quaternion: 0.00, 0.00, 0.40
Matrix: 
0.68 0.73 0.00 0.00 
-0.73 0.68 0.00 0.00 
0.00 0.00 1.00 0.00 
0.00 0.00 0.00 1.00 

Scaling: 8
1.00, 1.00, 1.00
Matrix: 
1.00 0.00 0.00 0.00 
0.00 1.00 0.00 0.00 
0.00 0.00 1.00 0.00 
0.00 0.00 0.00 1.00 

Transform: 8
0.68 0.73 0.00 2.92 
-0.73 0.68 0.00 2.73 
0.00 0.00 1.00 0.00 
0.00 0.00 0.00 1.00 

Position: 9
Vector: 0.00, 4.00, 0.00
Matrix: 
1.00 0.00 0.00 0.00 
0.00 1.00 0.00 4.00 
0.00 0.00 1.00 0.00 
0.00 0.00 0.00 1.00 

Rotation: 9
Quaternion: 0.00, 0.00, 0.39
Matrix: 
0.70 0.72 0.00 0.00 
-0.72 0.70 0.00 0.00 
0.00 0.00 1.00 0.00 
0.00 0.00 0.00 1.00 

Scaling: 9
1.00, 1.00, 1.00
Matrix: 
1.00 0.00 0.00 0.00 
0.00 1.00 0.00 0.00 
0.00 0.00 1.00 0.00 
0.00 0.00 0.00 1.00 

Transform: 9
0.70 0.72 0.00 2.87 
-0.72 0.70 0.00 2.79 
0.00 0.00 1.00 0.00 
0.00 0.00 0.00 1.00 

Position: 10
Vector: 0.00, 4.00, 0.00
Matrix: 
1.00 0.00 0.00 0.00 
0.00 1.00 0.00 4.00 
0.00 0.00 1.00 0.00 
0.00 0.00 0.00 1.00 

Rotation: 10
Quaternion: 0.00, 0.00, 0.37
Matrix: 
0.73 0.68 0.00 0.00 
-0.68 0.73 0.00 0.00 
0.00 0.00 1.00 0.00 
0.00 0.00 0.00 1.00 

Scaling: 10
1.00, 1.00, 1.00
Matrix: 
1.00 0.00 0.00 0.00 
0.00 1.00 0.00 0.00 
0.00 0.00 1.00 0.00 
0.00 0.00 0.00 1.00 

Transform: 10
0.73 0.68 0.00 2.72 
-0.68 0.73 0.00 2.93 
0.00 0.00 1.00 0.00 
0.00 0.00 0.00 1.00 

Position: 11
Vector: 0.00, 4.00, 0.00
Matrix: 
1.00 0.00 0.00 0.00 
0.00 1.00 0.00 4.00 
0.00 0.00 1.00 0.00 
0.00 0.00 0.00 1.00 

Rotation: 11
Quaternion: 0.00, 0.00, 0.33
Matrix: 
0.78 0.62 0.00 0.00 
-0.62 0.78 0.00 0.00 
0.00 0.00 1.00 0.00 
0.00 0.00 0.00 1.00 

Scaling: 11
1.00, 1.00, 1.00
Matrix: 
1.00 0.00 0.00 0.00 
0.00 1.00 0.00 0.00 
0.00 0.00 1.00 0.00 
0.00 0.00 0.00 1.00 

Transform: 11
0.78 0.62 0.00 2.48 
-0.62 0.78 0.00 3.14 
0.00 0.00 1.00 0.00 
0.00 0.00 0.00 1.00 

Position: 12
Vector: 0.00, 4.00, 0.00
Matrix: 
1.00 0.00 0.00 0.00 
0.00 1.00 0.00 4.00 
0.00 0.00 1.00 0.00 
0.00 0.00 0.00 1.00 

Rotation: 12
Quaternion: 0.00, 0.00, 0.28
Matrix: 
0.84 0.54 0.00 0.00 
-0.54 0.84 0.00 0.00 
0.00 0.00 1.00 0.00 
0.00 0.00 0.00 1.00 

Scaling: 12
1.00, 1.00, 1.00
Matrix: 
1.00 0.00 0.00 0.00 
0.00 1.00 0.00 0.00 
0.00 0.00 1.00 0.00 
0.00 0.00 0.00 1.00 

Transform: 12
0.84 0.54 0.00 2.14 
-0.54 0.84 0.00 3.38 
0.00 0.00 1.00 0.00 
0.00 0.00 0.00 1.00 

Position: 13
Vector: 0.00, 4.00, 0.00
Matrix: 
1.00 0.00 0.00 0.00 
0.00 1.00 0.00 4.00 
0.00 0.00 1.00 0.00 
0.00 0.00 0.00 1.00 

Rotation: 13
Quaternion: 0.00, 0.00, 0.22
Matrix: 
0.90 0.43 0.00 0.00 
-0.43 0.90 0.00 0.00 
0.00 0.00 1.00 0.00 
0.00 0.00 0.00 1.00 

Scaling: 13
1.00, 1.00, 1.00
Matrix: 
1.00 0.00 0.00 0.00 
0.00 1.00 0.00 0.00 
0.00 0.00 1.00 0.00 
0.00 0.00 0.00 1.00 

Transform: 13
0.90 0.43 0.00 1.72 
-0.43 0.90 0.00 3.61 
0.00 0.00 1.00 0.00 
0.00 0.00 0.00 1.00 

Position: 14
Vector: 0.00, 4.00, 0.00
Matrix: 
1.00 0.00 0.00 0.00 
0.00 1.00 0.00 4.00 
0.00 0.00 1.00 0.00 
0.00 0.00 0.00 1.00 

Rotation: 14
Quaternion: 0.00, 0.00, 0.15
Matrix: 
0.95 0.30 0.00 0.00 
-0.30 0.95 0.00 0.00 
0.00 0.00 1.00 0.00 
0.00 0.00 0.00 1.00 

Scaling: 14
1.00, 1.00, 1.00
Matrix: 
1.00 0.00 0.00 0.00 
0.00 1.00 0.00 0.00 
0.00 0.00 1.00 0.00 
0.00 0.00 0.00 1.00 

Transform: 14
0.95 0.30 0.00 1.20 
-0.30 0.95 0.00 3.81 
0.00 0.00 1.00 0.00 
0.00 0.00 0.00 1.00 

Position: 15
Vector: 0.00, 4.00, 0.00
Matrix: 
1.00 0.00 0.00 0.00 
0.00 1.00 0.00 4.00 
0.00 0.00 1.00 0.00 
0.00 0.00 0.00 1.00 

Rotation: 15
Quaternion: 0.00, 0.00, 0.08
Matrix: 
0.99 0.16 0.00 0.00 
-0.16 0.99 0.00 0.00 
0.00 0.00 1.00 0.00 
0.00 0.00 0.00 1.00 

Scaling: 15
1.00, 1.00, 1.00
Matrix: 
1.00 0.00 0.00 0.00 
0.00 1.00 0.00 0.00 
0.00 0.00 1.00 0.00 
0.00 0.00 0.00 1.00 

Transform: 15
0.99 0.16 0.00 0.62 
-0.16 0.99 0.00 3.95 
0.00 0.00 1.00 0.00 
0.00 0.00 0.00 1.00 

Position: 16
Vector: 0.00, 4.00, 0.00
Matrix: 
1.00 0.00 0.00 0.00 
0.00 1.00 0.00 4.00 
0.00 0.00 1.00 0.00 
0.00 0.00 0.00 1.00 

Rotation: 16
Quaternion: 0.00, 0.00, 0.00
Matrix: 
1.00 0.00 0.00 0.00 
0.00 1.00 0.00 0.00 
0.00 0.00 1.00 0.00 
0.00 0.00 0.00 1.00 

Scaling: 16
1.00, 1.00, 1.00
Matrix: 
1.00 0.00 0.00 0.00 
0.00 1.00 0.00 0.00 
0.00 0.00 1.00 0.00 
0.00 0.00 0.00 1.00 

Transform: 16
1.00 0.00 0.00 0.00 
0.00 1.00 0.00 4.00 
0.00 0.00 1.00 0.00 
0.00 0.00 0.00 1.00 

Position: 17
Vector: 0.00, 4.00, 0.00
Matrix: 
1.00 0.00 0.00 0.00 
0.00 1.00 0.00 4.00 
0.00 0.00 1.00 0.00 
0.00 0.00 0.00 1.00 

Rotation: 17
Quaternion: 0.00, 0.00, -0.08
Matrix: 
0.99 -0.16 0.00 0.00 
0.16 0.99 0.00 0.00 
0.00 0.00 1.00 0.00 
0.00 0.00 0.00 1.00 

Scaling: 17
1.00, 1.00, 1.00
Matrix: 
1.00 0.00 0.00 0.00 
0.00 1.00 0.00 0.00 
0.00 0.00 1.00 0.00 
0.00 0.00 0.00 1.00 

Transform: 17
0.99 -0.16 0.00 -0.64 
0.16 0.99 0.00 3.95 
0.00 0.00 1.00 0.00 
0.00 0.00 0.00 1.00 

Position: 18
Vector: 0.00, 4.00, 0.00
Matrix: 
1.00 0.00 0.00 0.00 
0.00 1.00 0.00 4.00 
0.00 0.00 1.00 0.00 
0.00 0.00 0.00 1.00 

Rotation: 18
Quaternion: 0.00, 0.00, -0.16
Matrix: 
0.95 -0.32 0.00 0.00 
0.32 0.95 0.00 0.00 
0.00 0.00 1.00 0.00 
0.00 0.00 0.00 1.00 

Scaling: 18
1.00, 1.00, 1.00
Matrix: 
1.00 0.00 0.00 0.00 
0.00 1.00 0.00 0.00 
0.00 0.00 1.00 0.00 
0.00 0.00 0.00 1.00 

Transform: 18
0.95 -0.32 0.00 -1.27 
0.32 0.95 0.00 3.79 
0.00 0.00 1.00 0.00 
0.00 0.00 0.00 1.00 

Position: 19
Vector: 0.00, 4.00, 0.00
Matrix: 
1.00 0.00 0.00 0.00 
0.00 1.00 0.00 4.00 
0.00 0.00 1.00 0.00 
0.00 0.00 0.00 1.00 

Rotation: 19
Quaternion: 0.00, 0.00, -0.24
Matrix: 
0.89 -0.46 0.00 0.00 
0.46 0.89 0.00 0.00 
0.00 0.00 1.00 0.00 
0.00 0.00 0.00 1.00 

Scaling: 19
1.00, 1.00, 1.00
Matrix: 
1.00 0.00 0.00 0.00 
0.00 1.00 0.00 0.00 
0.00 0.00 1.00 0.00 
0.00 0.00 0.00 1.00 

Transform: 19
0.89 -0.46 0.00 -1.85 
0.46 0.89 0.00 3.54 
0.00 0.00 1.00 0.00 
0.00 0.00 0.00 1.00 

Position: 20
Vector: 0.00, 4.00, 0.00
Matrix: 
1.00 0.00 0.00 0.00 
0.00 1.00 0.00 4.00 
0.00 0.00 1.00 0.00 
0.00 0.00 0.00 1.00 

Rotation: 20
Quaternion: 0.00, 0.00, -0.31
Matrix: 
0.81 -0.59 0.00 0.00 
0.59 0.81 0.00 0.00 
0.00 0.00 1.00 0.00 
0.00 0.00 0.00 1.00 

Scaling: 20
1.00, 1.00, 1.00
Matrix: 
1.00 0.00 0.00 0.00 
0.00 1.00 0.00 0.00 
0.00 0.00 1.00 0.00 
0.00 0.00 0.00 1.00 

Transform: 20
0.81 -0.59 0.00 -2.35 
0.59 0.81 0.00 3.24 
0.00 0.00 1.00 0.00 
0.00 0.00 0.00 1.00 

Position: 21
Vector: 0.00, 4.00, 0.00
Matrix: 
1.00 0.00 0.00 0.00 
0.00 1.00 0.00 4.00 
0.00 0.00 1.00 0.00 
0.00 0.00 0.00 1.00 

Rotation: 21
Quaternion: 0.00, 0.00, -0.37
Matrix: 
0.73 -0.68 0.00 0.00 
0.68 0.73 0.00 0.00 
0.00 0.00 1.00 0.00 
0.00 0.00 0.00 1.00 

Scaling: 21
1.00, 1.00, 1.00
Matrix: 
1.00 0.00 0.00 0.00 
0.00 1.00 0.00 0.00 
0.00 0.00 1.00 0.00 
0.00 0.00 0.00 1.00 

Transform: 21
0.73 -0.68 0.00 -2.74 
0.68 0.73 0.00 2.92 
0.00 0.00 1.00 0.00 
0.00 0.00 0.00 1.00 

Position: 22
Vector: 0.00, 4.00, 0.00
Matrix: 
1.00 0.00 0.00 0.00 
0.00 1.00 0.00 4.00 
0.00 0.00 1.00 0.00 
0.00 0.00 0.00 1.00 

Rotation: 22
Quaternion: 0.00, 0.00, -0.41
Matrix: 
0.66 -0.75 0.00 0.00 
0.75 0.66 0.00 0.00 
0.00 0.00 1.00 0.00 
0.00 0.00 0.00 1.00 

Scaling: 22
1.00, 1.00, 1.00
Matrix: 
1.00 0.00 0.00 0.00 
0.00 1.00 0.00 0.00 
0.00 0.00 1.00 0.00 
0.00 0.00 0.00 1.00 

Transform: 22
0.66 -0.75 0.00 -3.01 
0.75 0.66 0.00 2.63 
0.00 0.00 1.00 0.00 
0.00 0.00 0.00 1.00 

Position: 23
Vector: 0.00, 4.00, 0.00
Matrix: 
1.00 0.00 0.00 0.00 
0.00 1.00 0.00 4.00 
0.00 0.00 1.00 0.00 
0.00 0.00 0.00 1.00 

Rotation: 23
Quaternion: 0.00, 0.00, -0.44
Matrix: 
0.61 -0.79 0.00 0.00 
0.79 0.61 0.00 0.00 
0.00 0.00 1.00 0.00 
0.00 0.00 0.00 1.00 

Scaling: 23
1.00, 1.00, 1.00
Matrix: 
1.00 0.00 0.00 0.00 
0.00 1.00 0.00 0.00 
0.00 0.00 1.00 0.00 
0.00 0.00 0.00 1.00 

Transform: 23
0.61 -0.79 0.00 -3.18 
0.79 0.61 0.00 2.43 
0.00 0.00 1.00 0.00 
0.00 0.00 0.00 1.00 

Position: 24
Vector: 0.00, 4.00, 0.00
Matrix: 
1.00 0.00 0.00 0.00 
0.00 1.00 0.00 4.00 
0.00 0.00 1.00 0.00 
0.00 0.00 0.00 1.00 

Rotation: 24
Quaternion: 0.00, 0.00, -0.45
Matrix: 
0.59 -0.81 0.00 0.00 
0.81 0.59 0.00 0.00 
0.00 0.00 1.00 0.00 
0.00 0.00 0.00 1.00 

Scaling: 24
1.00, 1.00, 1.00
Matrix: 
1.00 0.00 0.00 0.00 
0.00 1.00 0.00 0.00 
0.00 0.00 1.00 0.00 
0.00 0.00 0.00 1.00 

Transform: 24
0.59 -0.81 0.00 -3.24 
0.81 0.59 0.00 2.35 
0.00 0.00 1.00 0.00 
0.00 0.00 0.00 1.00 

Position: 25
Vector: 0.00, 4.00, 0.00
Matrix: 
1.00 0.00 0.00 0.00 
0.00 1.00 0.00 4.00 
0.00 0.00 1.00 0.00 
0.00 0.00 0.00 1.00 

Rotation: 25
Quaternion: 0.00, 0.00, -0.44
Matrix: 
0.62 -0.79 0.00 0.00 
0.79 0.62 0.00 0.00 
0.00 0.00 1.00 0.00 
0.00 0.00 0.00 1.00 

Scaling: 25
1.00, 1.00, 1.00
Matrix: 
1.00 0.00 0.00 0.00 
0.00 1.00 0.00 0.00 
0.00 0.00 1.00 0.00 
0.00 0.00 0.00 1.00 

Transform: 25
0.62 -0.79 0.00 -3.14 
0.79 0.62 0.00 2.48 
0.00 0.00 1.00 0.00 
0.00 0.00 0.00 1.00 

Position: 26
Vector: 0.00, 4.00, 0.00
Matrix: 
1.00 0.00 0.00 0.00 
0.00 1.00 0.00 4.00 
0.00 0.00 1.00 0.00 
0.00 0.00 0.00 1.00 

Rotation: 26
Quaternion: 0.00, 0.00, -0.39
Matrix: 
0.70 -0.72 0.00 0.00 
0.72 0.70 0.00 0.00 
0.00 0.00 1.00 0.00 
0.00 0.00 0.00 1.00 

Scaling: 26
1.00, 1.00, 1.00
Matrix: 
1.00 0.00 0.00 0.00 
0.00 1.00 0.00 0.00 
0.00 0.00 1.00 0.00 
0.00 0.00 0.00 1.00 

Transform: 26
0.70 -0.72 0.00 -2.86 
0.72 0.70 0.00 2.79 
0.00 0.00 1.00 0.00 
0.00 0.00 0.00 1.00 

Position: 27
Vector: 0.00, 4.00, 0.00
Matrix: 
1.00 0.00 0.00 0.00 
0.00 1.00 0.00 4.00 
0.00 0.00 1.00 0.00 
0.00 0.00 0.00 1.00 

Rotation: 27
Quaternion: 0.00, 0.00, -0.32
Matrix: 
0.80 -0.60 0.00 0.00 
0.60 0.80 0.00 0.00 
0.00 0.00 1.00 0.00 
0.00 0.00 0.00 1.00 

Scaling: 27
1.00, 1.00, 1.00
Matrix: 
1.00 0.00 0.00 0.00 
0.00 1.00 0.00 0.00 
0.00 0.00 1.00 0.00 
0.00 0.00 0.00 1.00 

Transform: 27
0.80 -0.60 0.00 -2.41 
0.60 0.80 0.00 3.19 
0.00 0.00 1.00 0.00 
0.00 0.00 0.00 1.00 

Position: 28
Vector: 0.00, 4.00, 0.00
Matrix: 
1.00 0.00 0.00 0.00 
0.00 1.00 0.00 4.00 
0.00 0.00 1.00 0.00 
0.00 0.00 0.00 1.00 

Rotation: 28
Quaternion: 0.00, 0.00, -0.23
Matrix: 
0.89 -0.45 0.00 0.00 
0.45 0.89 0.00 0.00 
0.00 0.00 1.00 0.00 
0.00 0.00 0.00 1.00 

Scaling: 28
1.00, 1.00, 1.00
Matrix: 
1.00 0.00 0.00 0.00 
0.00 1.00 0.00 0.00 
0.00 0.00 1.00 0.00 
0.00 0.00 0.00 1.00 

Transform: 28
0.89 -0.45 0.00 -1.82 
0.45 0.89 0.00 3.56 
0.00 0.00 1.00 0.00 
0.00 0.00 0.00 1.00 

Position: 29
Vector: 0.00, 4.00, 0.00
Matrix: 
1.00 0.00 0.00 0.00 
0.00 1.00 0.00 4.00 
0.00 0.00 1.00 0.00 
0.00 0.00 0.00 1.00 

Rotation: 29
Quaternion: 0.00, 0.00, -0.15
Matrix: 
0.96 -0.29 0.00 0.00 
0.29 0.96 0.00 0.00 
0.00 0.00 1.00 0.00 
0.00 0.00 0.00 1.00 

Scaling: 29
1.00, 1.00, 1.00
Matrix: 
1.00 0.00 0.00 0.00 
0.00 1.00 0.00 0.00 
0.00 0.00 1.00 0.00 
0.00 0.00 0.00 1.00 

Transform: 29
0.96 -0.29 0.00 -1.16 
0.29 0.96 0.00 3.83 
0.00 0.00 1.00 0.00 
0.00 0.00 0.00 1.00 

Position: 30
Vector: 0.00, 4.00, 0.00
Matrix: 
1.00 0.00 0.00 0.00 
0.00 1.00 0.00 4.00 
0.00 0.00 1.00 0.00 
0.00 0.00 0.00 1.00 

Rotation: 30
Quaternion: 0.00, 0.00, -0.07
Matrix: 
0.99 -0.14 0.00 0.00 
0.14 0.99 0.00 0.00 
0.00 0.00 1.00 0.00 
0.00 0.00 0.00 1.00 

Scaling: 30
1.00, 1.00, 1.00
Matrix: 
1.00 0.00 0.00 0.00 
0.00 1.00 0.00 0.00 
0.00 0.00 1.00 0.00 
0.00 0.00 0.00 1.00 

Transform: 30
0.99 -0.14 0.00 -0.57 
0.14 0.99 0.00 3.96 
0.00 0.00 1.00 0.00 
0.00 0.00 0.00 1.00 

Position: 31
Vector: 0.00, 4.00, 0.00
Matrix: 
1.00 0.00 0.00 0.00 
0.00 1.00 0.00 4.00 
0.00 0.00 1.00 0.00 
0.00 0.00 0.00 1.00 

Rotation: 31
Quaternion: 0.00, 0.00, -0.02
Matrix: 
1.00 -0.04 0.00 0.00 
0.04 1.00 0.00 0.00 
0.00 0.00 1.00 0.00 
0.00 0.00 0.00 1.00 

Scaling: 31
1.00, 1.00, 1.00
Matrix: 
1.00 0.00 0.00 0.00 
0.00 1.00 0.00 0.00 
0.00 0.00 1.00 0.00 
0.00 0.00 0.00 1.00 

Transform: 31
1.00 -0.04 0.00 -0.16 
0.04 1.00 0.00 4.00 
0.00 0.00 1.00 0.00 
0.00 0.00 0.00 1.00 

Position: 32
Vector: 0.00, 4.00, 0.00
Matrix: 
1.00 0.00 0.00 0.00 
0.00 1.00 0.00 4.00 
0.00 0.00 1.00 0.00 
0.00 0.00 0.00 1.00 

Rotation: 32
Quaternion: 0.00, 0.00, 0.00
Matrix: 
1.00 0.00 0.00 0.00 
0.00 1.00 0.00 0.00 
0.00 0.00 1.00 0.00 
0.00 0.00 0.00 1.00 

Scaling: 32
1.00, 1.00, 1.00
Matrix: 
1.00 0.00 0.00 0.00 
0.00 1.00 0.00 0.00 
0.00 0.00 1.00 0.00 
0.00 0.00 0.00 1.00 

Transform: 32
1.00 0.00 0.00 0.00 
0.00 1.00 0.00 4.00 
0.00 0.00 1.00 0.00 
0.00 0.00 0.00 1.00 

